Department of Computer Science and Engineering, HKUST
http://www.cse.ust.hk/
Last modification Wed, 22 Oct 2014 18:56:08 GMT, 18762Title keywords:
1 1;2 1;3 1;4 1;5 1;
5 6;7 2;9 3;31 5;28 5;30 3;33 6;32 2;34 4;24 3;35 5;26 3;25 7;40 2;41 2;48 2;42 2;47 2;20 4;27 2;37 3;12 3;13 3;1 2;72 3;3 4;4 3;6 4;36 2;83 10;91 2;96 15;74 4;87 2;95 2;29 2;39 2;124 2;125 2;110 2;129 2;14 3;138 2;121 2;149 6;168 2;169 2;157 3;177 3;163 3;164 2;181 2;188 2;141 6;178 2;150 2;190 2;
http://www.cse.ust.hk/
http://www.cse.ust.hk/?lang=hk
http://www.cse.ust.hk/?lang=cn
http://www.ust.hk/
http://www.seng.ust.hk/
http://www.cse.ust.hk/admin/sitemap/?map=About
http://www.cse.ust.hk/admin/welcome/
http://www.cse.ust.hk/admin/about/
http://www.cse.ust.hk/admin/factsheet/
http://www.cse.ust.hk/News/?type=news|achievement
http://www.cse.ust.hk/News/?type=event
http://www.cse.ust.hk/admin/QA/
http://cssystem.cse.ust.hk/UGuides/csd_manage.html
http://www.cse.ust.hk/admin/contact/
http://www.cse.ust.hk/admin/sitemap/?map=People
http://www.cse.ust.hk/admin/people/faculty/
http://www.cse.ust.hk/admin/people/staff/
http://www.cse.ust.hk/ct/
http://www.cse.ust.hk/admin/people/pg/
http://www.cse.ust.hk/admin/recruitment/
http://www.cse.ust.hk/admin/sitemap/?map=Undergraduate
http://www.cse.ust.hk/ug/admissions/comp/4yr/
http://www.cse.ust.hk/ug/admissions/comp/
http://www.cse.ust.hk/ug/hkust_only/4yr/
http://www.cse.ust.hk/ug/hkust_only/
http://www.cse.ust.hk/admin/sitemap/?map=Postgraduate
http://www.cse.ust.hk/pg/
http://www.cse.ust.hk/pg/hkust_only/
http://www.cse.ust.hk/pg/admissions/recruiting/
http://pg.ust.hk/admissions
-------------------------------------------------------------------------------------------
????????????????
http://www.cse.ust.hk/?lang=hk
Last modification Wed, 22 Oct 2014 18:56:08 GMT, 17320Title keywords:

5 0;57 1;64 1;65 1;66 1;67 1;68 1;69 1;70 1;71 1;27 1;37 2;24 1;206 2;73 1;74 1;25 2;75 1;76 1;77 1;78 1;6 1;85 1;86 1;87 2;88 1;89 1;90 1;91 2;92 1;93 1;94 1;36 1;35 1;83 3;95 1;96 11;97 1;98 1;105 1;106 1;107 1;108 1;109 1;110 1;111 1;112 1;3 1;113 1;114 1;117 1;118 1;119 1;29 1;120 1;121 1;33 2;122 1;123 1;124 1;125 1;126 1;127 1;39 1;128 1;129 1;141 1;144 1;145 1;146 1;147 1;138 1;148 1;149 4;150 1;151 1;154 1;155 1;156 1;158 1;159 1;160 1;161 1;162 1;163 3;164 2;30 1;165 1;166 1;167 1;168 2;169 2;170 1;157 1;171 1;172 1;173 1;174 1;175 1;176 1;179 1;177 1;180 1;181 1;182 1;183 1;202 1;203 1;204 1;
-------------------------------------------------------------------------------------------
????????????????
http://www.cse.ust.hk/?lang=cn
Last modification Wed, 22 Oct 2014 18:56:08 GMT, 17320Title keywords:

206 2;57 1;64 1;65 1;66 1;67 1;68 1;69 1;70 1;71 1;27 1;37 2;24 1;73 1;74 1;25 2;75 1;76 1;77 1;78 1;6 1;85 1;86 1;87 2;88 1;89 1;90 1;91 2;92 1;93 1;94 1;36 1;35 1;83 3;95 1;96 11;97 1;98 1;105 1;106 1;107 1;108 1;109 1;110 1;111 1;112 1;3 1;113 1;114 1;117 1;118 1;119 1;29 1;120 1;121 1;33 2;122 1;123 1;124 1;125 1;126 1;127 1;39 1;128 1;129 1;141 1;144 1;145 1;146 1;147 1;138 1;148 1;149 4;150 1;151 1;154 1;155 1;156 1;158 1;159 1;160 1;161 1;162 1;163 3;164 2;30 1;165 1;166 1;167 1;168 2;169 2;170 1;157 1;171 1;172 1;173 1;174 1;175 1;176 1;179 1;177 1;180 1;181 1;182 1;183 1;202 1;203 1;204 1;5 0;
-------------------------------------------------------------------------------------------
HKUST - Hong Kong University of Science and Technology
http://www.ust.hk/
Last modification Wed, 22 Oct 2014 18:47:26 GMT, 18428Title keywords:
5 1;6 1;7 1;8 1;3 1;9 1;
9 3;193 1;200 24;209 10;210 10;211 8;174 5;218 4;214 46;198 4;215 14;216 2;217 7;221 2;25 38;20 3;5 31;21 2;60 8;22 12;139 1;1 11;19 1;141 11;150 42;7 8;113 1;10 1;138 11;83 5;229 7;244 10;119 3;63 5;272 14;84 10;27 18;146 22;28 19;240 6;24 12;278 68;292 11;4 2;6 1;100 8;298 4;299 4;300 4;39 41;285 13;170 2;15 4;16 1;305 13;304 4;267 9;281 22;279 6;280 18;282 6;286 8;293 4;265 6;314 6;253 4;254 4;255 4;295 5;303 5;310 20;48 10;294 4;17 3;317 6;274 13;29 6;55 3;120 8;283 4;284 4;133 13;41 9;37 3;82 6;33 3;344 8;35 5;117 7;331 13;348 6;347 12;349 10;336 6;346 6;335 6;301 2;302 2;31 3;364 6;40 3;370 6;275 6;376 4;276 4;340 6;341 6;342 6;291 7;343 7;57 4;287 6;230 28;235 36;195 2;62 6;224 36;68 5;383 14;386 22;382 10;234 7;394 4;388 5;396 14;397 14;398 2;399 15;400 15;401 2;402 3;403 3;404 2;223 16;393 4;14 4;241 5;242 8;410 2;411 3;413 3;415 2;47 5;380 9;416 12;417 8;69 1;96 6;433 7;434 7;435 7;436 5;438 4;440 5;441 6;442 5;443 5;445 2;437 2;238 4;236 13;457 17;458 4;459 2;247 3;264 3;252 3;266 3;270 3;271 3;268 4;258 3;269 3;277 4;288 3;289 3;290 3;315 3;320 3;318 3;316 3;321 3;322 3;319 3;324 3;323 3;330 3;332 3;333 3;334 3;337 3;338 3;339 3;350 3;351 3;352 4;353 3;365 3;366 3;368 3;367 4;369 3;371 3;372 3;373 3;374 3;375 3;378 3;379 3;381 3;225 2;226 2;227 2;228 2;204 18;73 2;461 2;462 2;463 2;464 2;465 5;466 18;12 1;429 14;480 2;152 1;129 1;491 2;261 2;262 2;263 2;142 1;385 40;502 2;503 2;504 2;505 2;506 4;507 2;511 3;509 2;510 3;508 8;30 10;515 6;273 2;102 1;430 2;525 4;526 2;527 13;345 2;354 2;355 2;356 2;425 2;50 1;389 4;390 2;391 2;392 2;535 2;405 2;406 2;407 2;409 2;213 5;384 6;387 17;536 7;533 9;542 20;534 12;543 24;552 9;545 3;547 6;548 6;550 3;551 3;553 3;554 6;555 4;556 3;557 2;558 27;559 2;562 2;549 2;563 3;544 2;212 3;568 18;569 10;567 20;67 3;573 2;570 3;575 4;574 3;581 2;587 2;588 2;540 2;537 2;538 2;582 8;583 2;591 2;541 4;597 2;600 3;577 5;231 3;452 3;606 18;608 6;584 6;585 5;586 5;32 1;602 3;601 2;612 2;148 3;615 2;617 2;616 2;618 2;619 3;614 2;595 2;594 2;624 3;219 3;625 2;630 2;599 3;632 3;634 2;122 1;633 2;635 5;637 2;572 4;639 4;611 2;640 2;245 2;665 2;668 3;
-------------------------------------------------------------------------------------------
HKUST - School of Engineering, HKUST
http://www.seng.ust.hk/
Last modification Mon, 19 Sep 2011 07:27:20 GMT, 181Title keywords:
5 2;10 1;4 1;

-------------------------------------------------------------------------------------------
About
http://www.cse.ust.hk/admin/sitemap/?map=About
Last modification Wed, 22 Oct 2014 18:56:09 GMT, 8675Title keywords:
11 1;
1 1;2 1;3 2;4 2;5 4;6 2;7 4;8 2;9 5;10 2;11 2;12 2;13 2;14 2;15 2;16 2;17 2;18 2;19 1;20 2;21 1;22 1;23 1;24 2;25 3;26 2;27 1;28 4;29 1;30 2;31 4;32 2;33 3;34 4;35 4;36 1;37 1;38 1;39 1;40 2;41 2;42 2;43 1;44 1;45 1;46 1;47 2;48 2;49 1;50 1;51 1;52 1;53 1;54 1;55 1;56 1;57 1;58 1;59 1;60 1;61 1;62 1;63 1;191 1;192 1;96 1;193 1;72 1;150 1;190 1;195 1;196 1;197 1;198 1;199 1;200 1;201 1;202 1;203 1;204 1;
-------------------------------------------------------------------------------------------
Welcome from Head of Department
http://www.cse.ust.hk/admin/welcome/
Last modification Wed, 22 Oct 2014 18:56:09 GMT, 13398Title keywords:
12 1;13 1;1 1;
1 1;2 4;3 20;4 15;5 3;6 13;7 2;8 4;9 3;10 1;11 1;12 1;13 1;14 1;15 1;16 1;17 1;18 1;19 1;20 5;21 3;22 4;23 1;24 2;25 15;26 2;27 4;28 7;29 4;30 2;31 4;32 2;33 3;34 4;35 4;36 3;37 1;38 1;39 12;40 4;41 2;42 2;43 1;44 1;45 1;46 2;47 2;48 2;49 1;50 1;51 1;52 1;53 1;54 1;55 1;56 1;57 1;58 2;59 4;60 2;61 1;62 2;63 1;72 10;87 1;138 1;120 8;150 3;202 2;286 2;295 1;613 1;74 1;179 1;623 1;679 3;706 2;139 1;696 2;310 1;249 1;726 3;100 3;493 5;252 3;712 7;97 3;322 2;304 1;305 3;121 2;727 8;184 1;337 5;274 1;681 4;682 4;133 2;480 1;686 3;217 2;303 5;351 1;289 3;158 1;113 1;688 2;494 2;290 4;117 1;749 3;137 2;734 2;338 1;747 2;345 1;270 1;105 1;84 2;761 2;728 3;146 2;731 2;98 1;152 2;131 2;713 2;240 1;770 2;140 1;715 2;725 2;648 1;368 1;743 2;419 1;356 1;675 2;676 2;677 2;79 1;678 2;191 1;192 1;96 1;443 1;86 1;190 1;195 1;196 1;197 1;198 1;199 1;200 1;201 1;203 1;204 1;
-------------------------------------------------------------------------------------------
About Us
http://www.cse.ust.hk/admin/about/
Last modification Wed, 22 Oct 2014 18:56:09 GMT, 13143Title keywords:
11 1;14 1;
1 1;2 1;3 42;4 17;5 3;6 10;7 3;8 1;9 4;10 1;11 1;12 1;13 1;14 1;15 1;16 1;17 1;18 1;19 1;20 2;21 1;22 1;23 1;24 2;25 12;26 2;27 1;28 7;29 8;30 2;31 4;32 2;33 3;34 4;35 4;36 1;37 1;38 1;39 5;40 2;41 3;42 2;43 1;44 1;45 1;46 1;47 2;48 2;49 1;50 1;51 1;52 1;53 1;54 1;55 6;56 1;57 1;58 1;59 3;60 1;61 1;62 1;63 1;150 6;291 1;686 2;146 6;235 2;121 3;745 1;417 4;687 1;714 3;162 2;337 2;345 2;78 6;120 9;290 2;286 4;758 2;303 2;493 4;681 1;682 1;137 2;813 2;817 2;818 2;819 2;820 2;336 2;119 1;800 1;138 1;822 2;823 2;691 2;364 2;709 1;613 1;352 1;292 1;839 2;847 2;105 6;797 2;289 2;293 1;774 1;483 1;347 1;826 2;827 2;830 2;831 2;833 2;834 2;835 2;836 2;295 1;669 1;374 2;853 2;854 2;322 2;855 2;856 3;378 3;867 3;814 2;821 3;846 2;776 1;754 1;502 1;748 1;704 1;418 1;885 2;809 1;889 2;737 1;307 1;319 1;305 1;751 2;713 1;728 1;684 1;880 2;808 1;72 5;240 4;144 2;139 2;789 2;706 2;718 1;179 2;74 2;810 2;152 2;770 2;265 2;900 4;899 2;901 2;903 2;904 2;191 1;192 1;448 1;163 1;190 1;195 1;196 1;197 1;198 1;199 1;200 1;201 1;202 1;203 1;204 1;
-------------------------------------------------------------------------------------------
Fact Sheet
http://www.cse.ust.hk/admin/factsheet/
Last modification Wed, 22 Oct 2014 18:56:09 GMT, 10917Title keywords:
15 1;16 1;
1 1;2 4;3 13;4 8;5 3;6 11;7 2;8 1;9 3;10 2;11 2;12 1;13 1;14 1;15 1;16 1;17 1;18 1;19 1;20 12;21 1;22 1;23 1;24 3;25 4;26 2;27 2;28 7;29 3;30 2;31 4;32 2;33 3;34 4;35 4;36 1;37 1;38 1;39 2;40 2;41 2;42 2;43 1;44 1;45 1;46 1;47 2;48 2;49 1;50 1;51 1;52 1;53 1;54 1;55 1;56 1;57 1;58 1;59 1;60 1;61 2;62 1;63 1;638 1;96 1;156 1;150 2;291 1;706 3;711 3;901 3;910 2;72 6;709 1;120 1;913 2;764 2;480 3;918 2;679 1;93 1;266 1;79 3;356 2;758 1;733 1;344 2;202 2;714 1;190 2;754 1;304 1;367 1;336 1;819 1;820 1;113 1;825 1;696 1;74 2;138 8;737 1;920 2;748 1;87 5;789 2;939 2;934 3;718 2;940 5;327 1;361 2;954 2;698 1;675 1;676 1;677 1;678 1;146 1;681 1;682 1;959 2;947 2;191 1;192 1;85 1;443 1;195 1;196 1;197 1;198 1;199 1;200 1;201 1;203 1;204 1;
-------------------------------------------------------------------------------------------
News & Achievements
http://www.cse.ust.hk/News/?type=news|achievement
Last modification Wed, 22 Oct 2014 18:56:09 GMT, 44596Title keywords:
17 1;18 1;
1 3;2 3;3 31;4 32;5 8;6 21;7 2;8 1;9 3;10 1;11 1;12 10;13 8;14 2;15 2;16 1;17 1;18 1;19 1;20 10;21 1;22 7;23 1;24 10;25 58;26 2;27 9;28 49;29 12;30 2;31 16;32 4;33 15;34 4;35 9;36 36;37 1;38 1;39 43;40 4;41 2;42 3;43 2;44 1;45 1;46 1;47 2;48 2;49 1;50 1;51 4;52 1;53 1;54 1;55 3;56 1;57 1;58 15;59 3;60 2;61 2;62 1;63 2;190 2;96 19;72 7;73 2;74 30;75 2;76 18;77 2;78 4;79 19;80 11;81 11;82 20;83 135;84 13;85 21;86 1;87 34;88 1;89 4;90 6;91 2;92 1;93 1;94 1;95 33;97 12;98 1;99 9;100 10;101 5;102 1;103 2;104 2;105 31;106 1;107 1;108 1;109 1;110 8;111 1;112 3;113 3;114 5;115 7;116 34;117 16;118 10;119 1;120 15;121 7;122 1;123 1;124 25;125 35;126 2;127 2;128 1;129 21;130 4;131 1;132 1;133 16;134 6;135 6;136 6;137 10;138 15;139 12;140 15;245 8;681 21;682 22;303 7;305 2;669 2;150 45;302 1;281 1;988 3;821 2;808 1;848 2;277 1;788 1;941 3;290 3;762 7;745 1;163 1;994 2;170 8;343 4;493 3;400 9;979 2;980 2;151 5;152 7;153 23;811 4;789 2;383 3;480 14;268 10;486 4;1000 4;292 7;304 6;1020 26;1021 4;1025 8;1027 4;161 2;162 5;985 3;288 3;479 3;200 4;1008 8;918 3;797 4;999 17;623 1;229 1;978 19;183 2;1010 17;1043 2;916 1;1012 4;1009 3;825 4;1024 4;181 7;975 11;973 2;1057 5;193 7;1007 9;1005 3;1033 9;1034 11;327 2;913 1;718 2;182 1;1017 9;168 1;1059 7;1060 7;1061 3;365 7;463 2;839 1;688 1;584 6;853 1;1076 3;495 1;349 1;998 6;1066 4;685 5;1089 4;1128 2;818 3;1098 2;1022 3;1023 4;1075 19;308 2;1032 3;386 4;1113 4;1044 5;880 5;1100 4;1052 2;1053 2;1135 2;1137 2;1138 2;709 2;285 2;1030 2;984 2;938 1;983 3;286 2;336 4;665 1;1127 8;1079 3;1080 3;1081 3;296 1;1072 2;334 9;1111 2;1006 2;1126 2;314 1;1144 2;1019 6;1117 6;1114 3;1125 2;1056 4;1145 2;1171 5;675 2;987 2;1116 5;337 1;294 1;1188 2;1055 2;1082 3;1143 4;981 3;982 3;1194 2;254 1;1169 4;1170 2;1172 3;1174 2;1175 2;1159 4;1198 10;174 1;1177 2;1141 2;1179 3;1091 2;1181 2;272 1;965 2;1083 7;1084 3;1160 4;677 1;1096 6;937 2;939 2;867 2;1103 12;733 3;1077 2;843 1;1168 2;1220 2;796 1;1251 2;425 1;280 1;358 1;1226 7;357 1;743 1;265 2;947 1;361 2;1247 5;179 2;1205 4;1015 5;1186 4;977 2;206 1;1255 16;274 2;1234 2;1097 4;354 1;1199 2;729 1;437 1;333 2;329 2;932 1;1163 2;1063 2;1001 2;1227 2;1228 2;1274 10;1031 2;1162 2;324 1;921 1;1164 4;1272 3;1284 2;1273 3;443 2;1216 4;240 3;1287 3;1268 3;1293 13;1275 6;705 1;1195 3;1011 2;1073 2;1074 2;1279 4;1278 3;820 1;1029 2;360 1;906 16;692 1;347 2;1262 2;448 3;233 2;1329 8;367 1;1306 2;390 1;484 1;1302 2;1260 3;926 1;1092 2;1093 2;1240 4;986 5;445 1;293 2;690 1;202 3;666 1;1282 5;1333 2;1332 15;366 1;311 2;335 1;494 1;990 2;328 1;1369 2;1370 2;1355 2;791 2;158 1;1353 2;1392 7;593 1;144 1;1383 2;1396 3;177 1;1299 2;191 1;192 1;195 1;196 1;197 1;198 1;199 1;201 1;203 1;204 1;
-------------------------------------------------------------------------------------------
Events
http://www.cse.ust.hk/News/?type=event
Last modification Wed, 22 Oct 2014 18:56:09 GMT, 13319Title keywords:
19 1;
1 1;2 1;3 9;4 6;5 5;6 4;7 2;8 1;9 3;10 1;11 1;12 5;13 3;14 3;15 1;16 1;17 1;18 1;19 1;20 2;21 1;22 2;23 1;24 2;25 5;26 5;27 1;28 8;29 2;30 2;31 4;32 2;33 3;34 4;35 4;36 2;37 1;38 1;39 1;40 6;41 2;42 2;43 1;44 1;45 1;46 1;47 2;48 2;49 1;50 1;51 1;52 1;53 2;54 1;55 1;56 1;57 1;58 1;59 1;60 1;61 1;62 1;63 1;190 2;970 1;96 4;144 1;145 1;146 1;147 1;138 1;150 7;151 6;121 8;152 3;153 5;988 1;120 2;400 3;143 9;85 4;1162 1;78 2;705 1;174 1;1373 1;797 1;105 4;1025 2;1026 1;1027 7;245 1;161 1;162 1;1063 4;718 1;139 2;991 1;1201 1;377 1;274 1;741 1;1020 2;775 2;848 1;1362 1;480 1;1098 1;463 1;1421 2;805 1;1017 1;1415 2;303 3;1064 3;1065 3;1010 5;1012 4;170 1;1075 2;1273 1;1019 3;1145 1;1179 1;169 1;337 1;889 1;1198 2;115 2;1096 2;483 1;1326 1;87 1;172 1;489 1;1008 1;133 2;1275 1;1255 3;104 3;1340 3;1341 3;343 3;1342 4;681 3;682 3;1274 5;1083 1;1348 2;926 2;1284 1;486 2;1276 1;1293 5;315 1;1449 2;1029 1;191 1;192 1;193 1;1403 1;72 1;195 1;196 1;197 1;198 1;199 1;200 1;201 1;202 1;203 1;204 1;
-------------------------------------------------------------------------------------------
Quality Assurance
http://www.cse.ust.hk/admin/QA/
Last modification Wed, 22 Oct 2014 18:56:09 GMT, 13605Title keywords:
20 1;21 1;
1 1;2 1;3 17;4 10;5 4;6 11;7 2;8 1;9 3;10 1;11 1;12 1;13 1;14 1;15 6;16 5;17 1;18 1;19 1;20 2;21 2;22 3;23 1;24 2;25 11;26 2;27 1;28 14;29 3;30 3;31 4;32 3;33 5;34 4;35 5;36 3;37 1;38 1;39 4;40 3;41 2;42 2;43 1;44 1;45 1;46 2;47 3;48 2;49 1;50 1;51 1;52 2;53 1;54 1;55 4;56 1;57 1;58 3;59 4;60 2;61 2;62 1;63 2;105 2;72 3;876 1;502 1;1148 2;725 2;800 1;599 1;712 3;425 5;759 1;691 2;858 3;337 3;1457 2;686 2;1466 10;1467 10;856 1;1468 2;152 6;345 2;1260 2;873 1;144 3;235 1;648 3;1130 1;723 1;860 1;289 4;786 2;296 1;1158 1;714 1;1469 2;158 1;347 1;751 1;770 3;270 1;1123 1;375 1;288 1;303 6;226 1;692 1;788 2;131 3;818 1;1326 1;722 2;732 1;169 1;98 2;715 2;237 1;78 1;761 4;763 1;764 1;305 4;765 1;217 1;728 2;766 1;767 1;286 1;146 2;768 1;769 1;84 1;322 1;493 1;731 1;494 1;771 1;121 1;120 2;772 1;773 1;774 1;775 1;776 1;777 1;713 1;778 1;779 1;780 1;240 3;140 1;781 1;782 1;783 1;784 1;785 1;787 1;749 1;789 1;790 1;791 1;792 1;793 1;368 1;794 1;743 1;419 1;795 1;796 1;797 1;344 1;397 1;399 1;400 1;1464 3;138 1;1487 2;899 1;1016 1;290 2;1473 2;402 1;304 2;97 1;1024 1;83 1;1448 1;1068 1;312 1;1270 3;696 2;1465 2;1495 4;681 1;682 1;314 1;156 1;142 1;1492 4;1494 3;93 1;1491 2;1493 2;923 2;150 2;310 2;334 1;311 1;191 1;192 1;96 1;193 1;673 1;190 1;195 1;196 1;197 1;198 1;199 1;200 1;201 1;202 1;203 1;204 1;
-------------------------------------------------------------------------------------------
CS System
http://cssystem.cse.ust.hk/UGuides/csd_manage.html
Last modification Wed, 22 Oct 2014 18:56:09 GMT, 3620Title keywords:
22 1;23 1;
53 2;54 2;3 5;48 2;23 0;425 2;9 4;393 2;7 2;190 2;20 1;21 1;24 1;27 1;17 8;294 2;4 5;6 4;72 4;50 1;1460 1;49 1;1478 2;262 1;42 1;55 1;191 1;192 1;278 1;1329 1;1502 2;1503 2;1485 1;671 1;806 1;807 1;105 1;681 1;682 1;138 1;120 1;195 1;196 1;
-------------------------------------------------------------------------------------------
Contact Us
http://www.cse.ust.hk/admin/contact/
Last modification Wed, 22 Oct 2014 18:56:09 GMT, 9126Title keywords:
24 1;14 1;
1 1;2 1;3 3;4 4;5 3;6 3;7 2;8 1;9 4;10 1;11 1;12 1;13 1;14 1;15 1;16 1;17 1;18 2;19 1;20 2;21 1;22 1;23 1;24 2;25 3;26 2;27 1;28 4;29 1;30 2;31 4;32 2;33 3;34 4;35 4;36 2;37 1;38 1;39 1;40 2;41 2;42 2;43 1;44 1;45 1;46 1;47 2;48 2;49 1;50 1;51 1;52 1;53 1;54 1;55 1;56 1;57 1;58 1;59 1;60 1;61 1;62 1;63 1;150 3;272 1;72 2;105 1;681 2;682 2;138 1;120 1;427 1;432 1;1520 2;1521 2;278 1;1512 1;1003 1;397 1;416 1;399 1;400 1;273 1;191 1;192 1;96 1;193 1;673 1;190 1;195 1;196 1;197 1;198 1;199 1;200 1;201 1;202 1;203 1;204 1;
-------------------------------------------------------------------------------------------
People
http://www.cse.ust.hk/admin/sitemap/?map=People
Last modification Wed, 22 Oct 2014 18:56:10 GMT, 8481Title keywords:
25 1;
1 1;2 1;3 2;4 2;5 3;6 2;7 2;8 1;9 3;10 1;11 1;12 1;13 1;14 1;15 1;16 1;17 1;18 1;19 2;20 3;21 2;22 2;23 2;24 3;25 4;26 3;27 1;28 4;29 1;30 2;31 4;32 2;33 3;34 4;35 4;36 1;37 1;38 1;39 1;40 2;41 2;42 2;43 1;44 1;45 1;46 1;47 2;48 2;49 1;50 1;51 1;52 1;53 1;54 1;55 1;56 1;57 1;58 1;59 1;60 1;61 1;62 1;63 1;191 1;192 1;96 1;193 1;673 1;72 1;150 1;190 1;195 1;196 1;197 1;198 1;199 1;200 1;201 1;202 1;203 1;204 1;
-------------------------------------------------------------------------------------------
Faculty
http://www.cse.ust.hk/admin/people/faculty/
Last modification Wed, 22 Oct 2014 18:56:10 GMT, 29173Title keywords:
26 1;
1 1;2 7;3 4;4 3;5 3;6 4;7 2;8 1;9 3;10 1;11 1;12 1;13 1;14 1;15 1;16 1;17 1;18 1;19 1;20 4;21 1;22 1;23 1;24 2;25 3;26 2;27 1;28 4;29 2;30 2;31 4;32 2;33 3;34 4;35 4;36 1;37 1;38 1;39 3;40 2;41 2;42 2;43 1;44 1;45 1;46 1;47 2;48 2;49 1;50 1;51 1;52 1;53 1;54 1;55 2;56 1;57 1;58 1;59 1;60 1;61 22;62 1;63 1;383 13;1531 3;72 3;678 3;79 62;390 11;141 81;1524 12;1525 11;1532 13;677 2;675 3;676 4;1536 11;1169 2;1215 3;1253 4;1179 2;954 2;953 1;939 2;937 1;938 1;1554 12;1178 1;1537 2;1538 2;1539 2;1540 7;1541 5;1542 2;1543 2;1544 2;1545 8;1231 2;1230 1;1345 9;1286 2;1285 1;962 1;1574 2;1229 1;1129 1;1085 9;584 2;1117 1;1311 2;1095 1;1094 2;1565 9;982 2;981 1;974 1;1257 1;1125 1;1165 2;1060 1;1059 1;1553 2;1249 2;1248 1;1220 1;1034 4;1033 1;484 1;1351 1;1631 6;1641 2;89 2;88 1;1653 2;1657 2;1012 2;1011 1;973 1;1090 2;1175 1;1668 2;1237 1;1236 1;1204 1;1676 2;1172 1;1263 1;1156 1;1155 1;1634 2;758 5;111 1;110 1;1023 1;1022 1;290 2;1074 2;1073 1;1096 4;1709 2;1706 2;1707 2;1089 1;1599 2;1341 1;1720 2;1718 5;1675 3;1632 2;1203 1;1242 1;1241 1;328 1;591 1;529 1;1323 1;819 1;820 1;162 1;337 1;294 1;336 1;78 1;120 1;933 1;113 1;825 1;1515 1;697 1;1528 1;623 1;138 1;191 1;192 1;96 1;437 1;174 1;150 1;190 1;195 1;196 1;197 1;198 1;199 1;200 1;201 1;202 1;203 1;204 1;
-------------------------------------------------------------------------------------------
Staff
http://www.cse.ust.hk/admin/people/staff/
Last modification Wed, 22 Oct 2014 18:56:10 GMT, 22192Title keywords:
27 1;
1 1;2 1;3 6;4 2;5 6;6 3;7 2;8 1;9 3;10 1;11 1;12 1;13 1;14 1;15 1;16 1;17 1;18 1;19 1;20 2;21 6;22 1;23 1;24 2;25 3;26 2;27 1;28 5;29 1;30 2;31 4;32 2;33 3;34 4;35 4;36 1;37 1;38 1;39 1;40 2;41 2;42 3;43 1;44 1;45 1;46 1;47 2;48 2;49 1;50 1;51 1;52 1;53 1;54 1;55 4;56 1;57 1;58 1;59 1;60 1;61 20;62 1;63 1;267 3;875 33;758 35;304 16;390 3;445 3;1536 3;1525 3;383 3;141 14;1179 8;1632 8;1526 10;1578 3;1204 3;432 2;1747 5;1723 5;279 4;278 8;1449 2;303 2;1116 1;938 3;1758 2;1203 3;1662 1;1762 2;799 1;1341 1;1754 2;1141 2;78 1;1744 2;1773 2;1752 4;84 1;1168 3;1780 2;328 3;867 2;583 2;529 2;1730 2;1323 2;1742 3;1727 1;1786 9;773 3;1793 2;1708 6;1785 3;1787 2;971 2;1781 2;1798 3;1791 2;1172 1;1799 2;1580 2;1801 2;1249 1;1178 1;1510 1;1509 2;266 1;344 1;1741 3;299 2;1175 1;1171 3;1585 2;1808 17;1809 17;1174 2;1710 4;1812 9;1813 9;676 4;1156 1;1820 10;1821 10;1169 2;1818 2;1783 2;1837 2;1231 2;1170 5;1691 3;1831 6;1832 6;1087 1;1815 2;1541 3;1257 1;1849 2;1709 2;1707 1;1822 3;98 2;1750 4;1128 2;1810 2;584 1;1311 1;1795 2;1351 1;1861 2;1716 1;1717 1;1761 3;1366 1;1824 2;973 1;1384 1;977 1;1766 2;1657 1;1235 1;123 1;1034 1;88 1;1314 1;1731 1;1732 1;1524 1;1515 1;697 1;1528 1;1733 1;1734 1;1735 1;1736 1;1737 1;1738 1;623 1;1739 1;138 1;191 1;192 1;96 1;437 1;1512 1;72 1;150 1;190 1;195 1;196 1;197 1;198 1;199 1;200 1;201 1;202 1;203 1;204 1;
-------------------------------------------------------------------------------------------
HKUST CSE Communication Tutors Web Site
http://www.cse.ust.hk/ct/
Last modification Wed, 22 Oct 2014 18:56:10 GMT, 8281Title keywords:
5 1;28 1;29 1;30 1;31 1;32 1;
72 1;3 1;4 1;6 1;150 1;191 1;192 1;1403 1;149 1;85 1;36 4;32 0;869 1;1007 2;31 1;140 2;992 1;805 1;1043 6;1491 7;813 1;141 43;417 4;599 3;435 1;1462 1;152 1;795 1;1451 1;1473 1;265 2;856 1;5 5;1500 1;1206 1;1424 4;1423 2;1273 4;472 1;128 2;366 1;1126 1;806 1;474 3;1367 3;293 1;1058 2;9 2;45 1;35 4;177 1;178 1;25 3;61 1;1503 1;47 2;1392 1;96 1;1894 4;190 1;195 1;196 1;22 5;23 4;1019 2;794 2;903 1;1921 4;883 1;727 1;1922 3;875 1;1914 2;1916 2;1905 4;277 2;62 3;8 1;800 2;696 1;808 3;679 2;202 3;274 1;1430 1;27 1;33 2;24 1;303 1;1937 3;1157 1;1910 3;1943 2;1944 2;206 3;131 2;1936 2;1493 1;726 1;683 1;1932 2;1947 2;1949 4;918 5;1065 1;720 1;345 2;817 1;372 1;1411 1;19 1;262 1;1340 1;1878 1;1163 1;1371 1;1966 2;344 1;1453 1;1528 1;145 1;29 1;278 2;1525 1;1246 1;1527 1;1512 1;1003 1;445 1;1742 1;1950 3;1939 3;1941 3;1485 1;392 1;
-------------------------------------------------------------------------------------------
Postgraduate Students
http://www.cse.ust.hk/admin/people/pg/
Last modification Wed, 22 Oct 2014 18:56:10 GMT, 15635Title keywords:
33 1;34 1;
1 2;2 1;3 2;4 2;5 3;6 2;7 2;8 1;9 3;10 1;11 1;12 1;13 1;14 1;15 1;16 1;17 1;18 2;19 1;20 2;21 1;22 1;23 1;24 5;25 7;26 2;27 1;28 4;29 2;30 2;31 4;32 2;33 3;34 4;35 6;36 1;37 1;38 1;39 1;40 2;41 2;42 2;43 1;44 1;45 1;46 1;47 3;48 2;49 1;50 1;51 1;52 1;53 1;54 1;55 1;56 1;57 1;58 1;59 1;60 1;61 1;62 1;63 1;324 2;1524 2;436 2;503 1;683 1;74 2;179 2;215 1;238 1;235 1;1899 1;383 1;582 1;390 2;445 2;1742 2;1517 1;1045 4;1046 1;1827 1;1828 1;1829 1;89 2;1086 1;141 7;584 2;1695 1;88 1;1861 1;1116 4;2002 2;1761 1;1541 1;1863 1;1375 2;1653 1;1235 2;1888 2;263 1;187 1;186 1;977 8;122 1;976 1;1599 1;299 1;1125 4;1190 2;2044 2;1060 1;1034 3;1314 2;1890 1;1019 1;1117 1;1170 1;1171 1;1731 1;1732 1;1515 1;697 1;1528 1;1733 1;1734 1;1735 1;1736 1;1737 1;623 1;1738 1;1739 1;138 1;191 1;192 1;96 1;193 1;72 1;150 1;190 1;195 1;196 1;197 1;198 1;199 1;200 1;201 1;202 1;203 1;204 1;
-------------------------------------------------------------------------------------------
Recruitment
http://www.cse.ust.hk/admin/recruitment/
Last modification Wed, 22 Oct 2014 18:56:10 GMT, 11700Title keywords:
35 1;
1 2;2 2;3 5;4 3;5 3;6 10;7 2;8 1;9 3;10 1;11 1;12 1;13 1;14 1;15 1;16 1;17 1;18 1;19 1;20 5;21 1;22 1;23 1;24 2;25 3;26 3;27 1;28 5;29 1;30 2;31 4;32 2;33 3;34 4;35 4;36 1;37 1;38 1;39 11;40 2;41 2;42 2;43 1;44 1;45 1;46 1;47 2;48 2;49 1;50 1;51 1;52 1;53 1;54 1;55 2;56 1;57 1;58 1;59 1;60 1;61 5;62 1;63 1;150 2;272 1;96 5;1076 3;492 3;79 6;383 1;1202 1;285 1;2071 30;174 8;758 18;443 7;148 2;72 2;85 2;193 1;968 3;344 6;1020 2;316 1;1096 2;1075 4;2074 3;592 1;1198 5;86 2;277 1;333 2;875 6;304 4;437 3;1003 3;294 1;119 5;120 5;310 5;2078 5;2079 5;78 6;1787 3;194 2;681 6;682 6;835 6;138 6;140 6;673 2;1316 1;202 3;1896 1;163 1;1255 1;278 2;1274 2;105 1;821 1;1293 2;2081 3;98 1;906 2;2080 2;1329 1;303 1;191 1;192 1;190 1;195 1;196 1;197 1;198 1;199 1;200 1;201 1;203 1;204 1;
-------------------------------------------------------------------------------------------
Undergraduate
http://www.cse.ust.hk/admin/sitemap/?map=Undergraduate
Last modification Wed, 22 Oct 2014 18:56:10 GMT, 8527Title keywords:
36 1;
1 1;2 1;3 2;4 2;5 3;6 2;7 2;8 1;9 3;10 1;11 1;12 1;13 1;14 1;15 1;16 1;17 1;18 1;19 1;20 2;21 1;22 1;23 1;24 2;25 3;26 2;27 2;28 6;29 2;30 4;31 8;32 4;33 6;34 6;35 4;36 1;37 1;38 1;39 1;40 2;41 2;42 2;43 1;44 1;45 1;46 1;47 2;48 2;49 1;50 1;51 1;52 1;53 1;54 1;55 1;56 1;57 1;58 1;59 1;60 1;61 1;62 1;63 1;191 1;192 1;96 1;193 1;673 1;72 1;150 1;190 1;195 1;196 1;197 1;198 1;199 1;200 1;201 1;202 1;203 1;204 1;
-------------------------------------------------------------------------------------------
BEng in Computer Science (COMP)
http://www.cse.ust.hk/ug/admissions/comp/4yr/
Last modification Wed, 22 Oct 2014 18:56:10 GMT, 22485Title keywords:
37 1;2 1;3 1;38 1;
1 1;2 1;3 41;4 29;5 3;6 18;7 3;8 1;9 3;10 1;11 1;12 1;13 1;14 1;15 1;16 1;17 1;18 1;19 1;20 2;21 1;22 5;23 1;24 4;25 27;26 2;27 5;28 34;29 2;30 7;31 7;32 8;33 3;34 4;35 4;36 1;37 4;38 1;39 11;40 5;41 4;42 4;43 10;44 2;45 1;46 2;47 4;48 2;49 1;50 1;51 1;52 1;53 1;54 1;55 7;56 1;57 1;58 3;59 3;60 1;61 1;62 1;63 1;706 7;711 2;908 1;901 4;1409 1;927 6;105 6;146 12;121 3;814 1;745 1;815 1;816 1;696 3;712 4;713 2;290 6;1921 1;742 2;770 4;356 1;2092 6;785 4;162 4;813 5;1326 3;78 4;305 4;765 3;932 1;1370 1;336 1;825 1;1224 2;1260 2;819 1;820 1;113 1;1477 2;933 1;115 2;75 4;495 2;72 8;150 4;1238 1;681 4;682 4;679 1;899 2;688 2;623 1;703 1;179 1;913 1;764 3;702 1;74 1;916 1;322 2;734 1;79 1;1965 1;480 2;808 1;728 3;347 2;878 1;117 1;920 1;756 1;308 1;268 3;479 2;200 2;1008 1;133 2;137 1;1032 1;85 3;1076 1;1009 1;138 21;864 2;1000 2;304 2;206 5;955 15;346 2;1007 3;140 4;82 2;83 2;202 3;493 4;2105 5;240 12;2101 2;2102 2;2103 2;2104 2;2106 2;142 1;1487 2;761 7;1464 3;1932 1;84 6;762 1;763 1;303 7;217 1;766 2;767 2;286 1;768 1;337 3;769 1;731 1;494 1;771 1;120 3;772 1;98 2;773 2;774 1;152 7;775 3;776 1;131 3;777 1;778 1;779 1;780 1;781 1;782 1;289 6;783 1;784 1;786 2;715 3;787 1;749 1;788 2;789 1;725 3;790 1;791 1;648 3;792 1;793 1;368 1;794 1;743 1;419 1;795 1;796 1;797 1;686 2;1466 10;1467 10;858 3;1457 3;1468 2;1469 2;1470 1;1471 1;856 25;1472 1;1148 1;1473 1;345 3;873 1;144 1;1474 1;235 1;1475 1;1130 6;723 1;860 1;1476 1;296 2;1478 1;1158 1;714 1;1479 1;158 1;751 1;270 2;1123 2;375 1;288 1;226 1;692 1;691 2;818 2;722 2;732 1;169 1;1480 1;1481 1;1482 1;237 1;1483 1;1484 1;1495 1;314 1;1270 2;100 7;225 1;492 1;148 1;386 1;1296 1;2130 2;366 1;1144 1;720 2;1163 1;1960 1;258 1;1083 1;1154 1;1103 1;1907 1;748 1;2115 2;293 1;1247 1;2135 2;1384 1;1056 1;2149 2;292 2;2095 2;1463 4;1106 2;1297 5;912 8;740 1;90 3;1485 2;1902 3;2154 5;1382 2;1969 1;2091 7;233 4;716 1;1075 1;1488 1;69 1;139 1;1462 4;1204 1;719 3;2168 2;2169 2;2170 2;837 1;96 2;1465 2;929 2;2180 4;934 2;320 1;295 1;510 2;1145 1;2076 1;595 1;2094 2;2181 2;1122 1;1532 1;733 1;2160 2;2162 2;2163 2;191 1;192 1;443 1;86 1;190 1;195 1;196 1;197 1;198 1;199 1;201 1;203 1;204 1;
-------------------------------------------------------------------------------------------
BEng in Computer Science (COMP)
http://www.cse.ust.hk/ug/admissions/comp/
Last modification Wed, 22 Oct 2014 18:56:10 GMT, 15900Title keywords:
37 1;2 1;3 1;38 1;
1 1;2 1;3 16;4 12;5 4;6 10;7 2;8 1;9 3;10 1;11 1;12 1;13 1;14 1;15 1;16 1;17 1;18 1;19 1;20 2;21 1;22 2;23 1;24 2;25 7;26 2;27 3;28 21;29 1;30 12;31 6;32 8;33 3;34 4;35 4;36 1;37 3;38 1;39 1;40 2;41 2;42 4;43 2;44 1;45 1;46 1;47 2;48 2;49 1;50 1;51 1;52 1;53 1;54 1;55 4;56 1;57 1;58 1;59 2;60 1;61 1;62 1;63 1;706 5;2087 1;711 2;2088 1;908 1;901 3;1409 1;2089 1;970 1;1020 2;2091 18;899 1;1137 1;1897 1;1030 1;84 4;1316 1;202 3;265 1;703 1;105 4;856 14;1463 3;146 2;121 2;814 1;745 1;815 1;816 1;696 1;712 1;713 1;290 3;2092 2;1921 1;2093 1;742 1;770 1;356 1;785 3;162 3;813 2;1326 2;2094 2;78 3;2095 1;305 2;765 1;932 1;1370 1;336 1;825 1;1224 2;1260 1;2096 1;819 1;820 1;2097 1;113 1;1477 1;933 1;75 1;864 1;1000 1;2100 1;2101 1;2102 1;2103 1;304 1;2104 1;206 2;2105 3;955 2;346 1;1007 2;140 2;2106 1;82 1;83 1;2107 1;493 2;733 1;927 2;2183 3;138 2;1514 1;122 3;479 2;2164 2;2161 1;1457 7;2206 5;858 3;872 4;1134 3;2186 2;1487 1;2154 1;725 1;100 1;766 2;240 6;2178 1;740 1;912 22;761 1;719 1;270 1;2184 1;691 1;204 5;722 1;1106 1;1462 4;1595 1;152 2;775 1;171 1;1097 3;1202 1;2166 1;709 2;1945 2;294 2;200 4;595 6;1075 2;429 3;523 1;837 1;69 2;2224 2;90 9;405 1;921 1;141 11;594 1;492 1;940 1;1297 1;938 1;293 1;1430 2;262 1;289 3;303 3;1340 1;2082 1;1969 1;233 1;2200 2;1169 1;1215 1;1541 1;87 1;1179 1;1557 1;1558 1;1178 1;72 2;681 2;682 2;120 1;1516 1;427 1;1517 1;1518 1;1524 1;191 1;192 1;437 1;448 1;150 1;190 1;195 1;196 1;197 1;198 1;199 1;201 1;203 1;
-------------------------------------------------------------------------------------------
Undergraduate Intranet (4-Year Curriculum)
http://www.cse.ust.hk/ug/hkust_only/4yr/
Last modification Wed, 22 Oct 2014 18:56:10 GMT, 17770Title keywords:
36 1;39 1;40 1;41 1;42 1;
1 1;2 1;3 5;4 4;5 8;6 3;7 2;8 1;9 4;10 1;11 1;12 1;13 1;14 1;15 1;16 1;17 1;18 2;19 1;20 2;21 2;22 1;23 1;24 2;25 21;26 2;27 4;28 32;29 3;30 6;31 10;32 3;33 8;34 6;35 4;36 6;37 1;38 1;39 2;40 3;41 4;42 4;43 3;44 4;45 1;46 1;47 3;48 2;49 2;50 1;51 2;52 2;53 1;54 2;55 5;56 1;57 1;58 2;59 2;60 2;61 2;62 1;63 1;1463 4;2071 4;658 3;1075 3;121 4;1403 1;2195 2;338 1;429 1;1966 1;240 10;309 2;99 2;1198 2;553 1;346 2;1293 4;1274 1;172 1;906 5;1309 2;188 1;1207 1;2083 1;1354 1;1355 1;445 1;880 1;443 2;2247 2;856 3;190 4;1020 3;1021 2;2091 10;2248 4;85 2;86 2;96 4;492 2;813 1;903 1;1430 1;90 1;2155 1;2180 1;912 1;146 3;2190 2;1130 3;2092 2;233 1;1532 1;955 1;2191 3;1409 1;711 1;706 1;742 1;927 1;2089 2;1503 1;1000 1;2108 1;1305 1;1729 2;970 2;1903 1;277 1;996 1;1482 1;2239 2;494 1;923 1;994 2;1499 1;349 1;379 1;305 2;367 3;72 4;719 1;2209 5;393 1;259 1;260 1;262 1;493 1;150 3;339 1;310 1;988 1;1003 1;163 1;899 2;265 2;84 8;2253 3;289 1;303 1;1007 1;140 1;683 1;156 1;805 1;918 1;247 1;2257 3;399 1;490 1;1291 1;901 1;1056 1;278 2;317 1;369 1;274 1;287 3;306 4;2183 1;1505 1;365 1;366 1;1169 1;1215 1;1541 1;87 1;1179 1;1557 1;1558 1;1178 1;2237 1;105 1;681 2;682 2;138 1;120 1;1516 1;427 1;1517 1;1518 1;1524 1;191 1;192 1;2077 1;195 1;196 1;197 1;198 1;199 1;200 1;201 1;202 1;203 1;204 1;
-------------------------------------------------------------------------------------------
Undergraduate Intranet (3-Year Curriculum)
http://www.cse.ust.hk/ug/hkust_only/
Last modification Wed, 22 Oct 2014 18:56:11 GMT, 18354Title keywords:
36 1;39 1;43 1;41 1;42 1;
1 1;2 2;3 5;4 4;5 10;6 3;7 2;8 1;9 4;10 1;11 1;12 1;13 1;14 1;15 1;16 1;17 1;18 2;19 1;20 2;21 2;22 2;23 2;24 2;25 21;26 2;27 4;28 26;29 3;30 3;31 12;32 6;33 8;34 6;35 4;36 5;37 1;38 1;39 2;40 3;41 4;42 6;43 2;44 4;45 1;46 1;47 3;48 2;49 2;50 1;51 2;52 2;53 1;54 2;55 5;56 1;57 1;58 2;59 2;60 2;61 2;62 1;63 1;1463 4;2071 4;658 3;2239 2;1075 3;121 4;1403 1;2195 2;338 2;429 1;1966 1;240 11;309 3;99 2;1198 2;553 1;2240 1;346 3;1293 4;1274 1;172 1;906 5;2241 1;1309 2;188 1;1207 1;2242 1;2243 1;2244 1;2245 1;2246 1;2083 1;2247 2;1354 1;1355 1;445 1;880 1;443 2;837 3;1020 2;85 3;84 10;2248 1;2091 8;2194 2;2209 7;1122 1;146 3;226 1;2089 2;139 1;2007 2;1130 3;2092 2;856 3;152 1;2183 2;290 1;2191 3;190 2;1409 1;1899 1;867 2;1137 1;1503 1;2253 3;1729 1;970 1;1000 2;2100 1;2108 1;1305 1;912 1;1970 1;1903 1;277 1;996 1;1482 1;923 1;994 2;1499 1;349 1;379 1;305 2;367 2;2250 1;72 5;719 1;2237 2;2251 1;393 1;259 1;260 1;262 1;493 2;2105 2;150 3;339 1;310 1;988 1;2252 1;1003 1;163 1;899 2;265 1;289 1;303 1;1007 4;140 3;96 4;156 2;177 1;1273 1;2257 4;918 1;2256 1;247 1;2258 1;399 1;490 1;1291 1;2259 1;278 2;317 1;369 1;274 1;287 3;306 4;1505 1;492 1;86 1;365 1;366 1;2260 1;2261 1;1169 1;1215 1;1541 1;87 1;1179 1;1557 1;1558 1;1178 1;105 1;681 2;682 2;138 1;120 1;1516 1;427 1;1517 1;1518 1;1524 1;191 1;192 1;2077 1;195 1;196 1;197 1;198 1;199 1;200 1;201 1;202 1;203 1;204 1;
-------------------------------------------------------------------------------------------
Postgraduate
http://www.cse.ust.hk/admin/sitemap/?map=Postgraduate
Last modification Wed, 22 Oct 2014 18:56:11 GMT, 8530Title keywords:
33 1;
1 1;2 1;3 2;4 2;5 3;6 2;7 2;8 1;9 3;10 1;11 1;12 1;13 1;14 1;15 1;16 1;17 1;18 1;19 1;20 2;21 1;22 1;23 1;24 3;25 4;26 3;27 1;28 5;29 1;30 2;31 4;32 2;33 3;34 5;35 8;36 2;37 2;38 2;39 1;40 2;41 2;42 2;43 1;44 1;45 1;46 1;47 2;48 2;49 1;50 1;51 1;52 1;53 1;54 1;55 1;56 1;57 1;58 1;59 1;60 1;61 1;62 1;63 1;191 1;192 1;96 1;193 1;673 1;72 1;150 1;190 1;195 1;196 1;197 1;198 1;199 1;200 1;201 1;202 1;203 1;204 1;
-------------------------------------------------------------------------------------------
Postgraduate Programs
http://www.cse.ust.hk/pg/
Last modification Wed, 22 Oct 2014 18:56:11 GMT, 12834Title keywords:
33 1;44 1;
1 1;2 1;3 11;4 11;5 6;6 7;7 2;8 1;9 3;10 1;11 1;12 2;13 1;14 1;15 1;16 1;17 1;18 2;19 1;20 2;21 1;22 1;23 1;24 9;25 6;26 3;27 1;28 13;29 5;30 2;31 4;32 2;33 3;34 4;35 6;36 2;37 6;38 1;39 5;40 2;41 2;42 2;43 1;44 1;45 1;46 1;47 2;48 2;49 1;50 2;51 2;52 1;53 1;54 2;55 2;56 1;57 1;58 1;59 1;60 1;61 1;62 1;63 1;913 4;718 2;764 1;179 3;240 4;2183 2;177 3;916 1;74 4;184 1;2251 1;1332 1;1329 1;262 1;120 5;139 2;294 2;289 1;141 3;696 1;100 1;1532 1;819 1;820 1;162 1;337 1;336 2;78 1;933 2;113 2;825 2;310 2;856 1;1503 2;278 3;131 1;2091 4;2191 1;2266 1;158 1;1162 1;146 1;157 7;799 1;1345 1;2186 1;932 1;178 1;1234 1;1116 1;87 1;1059 1;1060 1;1010 3;88 1;89 1;1155 1;1156 1;1654 1;1653 1;2237 1;72 2;105 1;681 2;682 2;138 1;1516 1;427 1;1517 1;1518 1;1524 1;191 1;192 1;85 1;437 1;592 1;150 1;190 1;195 1;196 1;197 1;198 1;199 1;200 1;201 1;202 1;203 1;204 1;
-------------------------------------------------------------------------------------------
Postgraduate Intranet
http://www.cse.ust.hk/pg/hkust_only/
Last modification Wed, 22 Oct 2014 18:56:11 GMT, 11789Title keywords:
33 1;39 1;
1 1;2 1;3 4;4 5;5 7;6 3;7 2;8 1;9 3;10 1;11 1;12 2;13 1;14 1;15 1;16 1;17 1;18 2;19 1;20 2;21 1;22 1;23 1;24 7;25 7;26 2;27 1;28 6;29 3;30 3;31 4;32 3;33 3;34 5;35 7;36 1;37 1;38 1;39 6;40 2;41 2;42 2;43 1;44 1;45 1;46 1;47 3;48 2;49 1;50 2;51 1;52 2;53 1;54 2;55 2;56 1;57 1;58 1;59 1;60 1;61 1;62 1;63 1;240 5;309 1;2091 5;2284 1;918 2;2256 1;2191 1;2267 1;1899 1;867 2;1137 1;84 1;287 1;856 2;2183 1;179 2;74 3;177 2;184 1;2274 1;2251 1;2275 1;2276 1;1332 2;1329 1;131 1;799 2;138 2;393 1;72 3;2261 1;146 2;1503 1;278 1;719 1;649 1;2181 1;2209 1;1162 1;1532 1;157 7;2286 1;2287 1;1345 1;2186 1;310 1;336 1;932 1;933 1;113 1;825 1;178 1;1970 1;1971 1;1949 1;1234 1;1116 1;87 1;1059 1;1060 1;1010 3;88 1;89 1;1155 1;1156 1;1654 1;1653 1;2237 1;105 1;681 2;682 2;120 1;1516 1;427 1;1517 1;1518 1;1524 1;191 1;192 1;96 1;443 1;2081 1;150 1;190 1;195 1;196 1;197 1;198 1;199 1;200 1;201 1;202 1;203 1;204 1;
-------------------------------------------------------------------------------------------
HKUST/CSE Postgraduate Student Recruiting
http://www.cse.ust.hk/pg/admissions/recruiting/
Last modification Wed, 22 Oct 2014 18:56:11 GMT, 13414Title keywords:
5 1;28 1;33 1;34 1;35 1;
1 1;2 1;3 7;4 8;5 3;6 4;7 2;8 1;9 3;10 1;11 1;12 1;13 2;14 1;15 1;16 1;17 1;18 3;19 1;20 3;21 1;22 1;23 1;24 10;25 14;26 10;27 2;28 4;29 4;30 2;31 4;32 3;33 3;34 4;35 5;36 5;37 5;38 1;39 2;40 3;41 2;42 2;43 2;44 1;45 1;46 1;47 2;48 2;49 1;50 1;51 1;52 1;53 1;54 1;55 5;56 1;57 1;58 1;59 1;60 2;61 1;62 3;63 1;150 9;309 4;121 13;105 8;72 8;681 4;682 4;138 3;120 2;74 9;992 2;2181 1;156 1;679 3;1920 1;762 1;100 3;913 1;901 2;258 1;1009 1;480 2;268 3;386 2;1017 1;347 1;754 1;2164 1;696 3;736 1;771 1;785 1;1406 1;819 1;820 1;162 1;337 1;294 1;336 1;78 1;933 1;1326 1;113 1;825 1;776 1;613 2;179 2;352 2;146 4;903 1;828 1;1915 1;139 1;2135 1;245 1;1277 1;1083 1;1103 1;742 1;285 1;1485 2;392 1;799 2;800 2;599 1;82 3;705 1;1037 6;1977 1;292 1;1066 2;97 3;83 3;927 2;417 1;1016 1;2306 2;1198 1;252 1;101 1;978 1;2303 2;2310 5;623 1;1333 2;1921 1;733 1;883 1;510 1;1076 1;960 1;856 3;84 1;308 1;961 1;1465 1;202 3;2179 3;206 3;1106 1;712 1;725 1;1451 1;648 1;620 1;2322 4;171 1;619 1;2319 2;594 2;2320 3;2326 3;752 1;1973 1;1367 5;727 1;858 4;393 2;1528 1;1260 1;1373 1;1100 1;1431 1;846 1;1065 1;1297 1;2195 2;96 4;1377 1;1021 1;402 1;1966 1;1982 2;671 2;1004 1;1007 1;810 1;193 1;918 1;1307 1;527 1;759 1;2301 2;1430 1;1503 1;1340 3;2323 2;991 1;349 3;182 1;2187 2;2151 1;144 1;2341 3;857 1;2071 2;716 1;1134 2;744 1;2079 1;388 1;2152 1;1910 1;2347 2;126 1;1524 1;191 1;192 1;437 1;190 1;195 1;196 1;197 1;198 1;199 1;200 1;201 1;203 1;204 1;
-------------------------------------------------------------------------------------------

http://pg.ust.hk/admissions
Last modification Tue, 20 Aug 2013 01:41:25 GMT, 261Title keywords:


-------------------------------------------------------------------------------------------
